       -2.3       -2.1          7          10         100            1            0            0            0            0
       -1.9       -1.7          7          10         100            1            0            0            0            0
       -1.7       -1.5          7          10         100            1            0            0            0            0
       -1.3       -1.1          7          10         100            1            0            0            0            0
       -1.1       -0.9          7          10         100            1            0            0            0            0
       -0.9       -0.7          7          10         100            1            0            0            0            0
       -0.7       -0.5          7          10         100            1            0            0            0            0
       -0.5       -0.3          7          10         100            1            0            0            0            0
       -0.3       -0.1          7          10         100            1            0            0            0            0
       -0.1        0.1          7          10         100            1            0            0            0            0
        0.1        0.3          7          10         100            1            0            0            0            0
        0.3        0.5          7          10         100            1            0            0            0            0
        0.5        0.7          7          10         100            1            0            0            0            0
        0.7        0.9          7          10         100            1            0            0            0            0
        0.9        1.1          7          10         100            1            0            0            0            0
        1.1        1.3          7          10         100            1            0            0            0            0
        1.3        1.5          7          10         100            1            0            0            0            0
        1.7        1.9          7          10         100            1            0            0            0            0
        1.9        2.1          7          10         100            1            0            0            0            0
        2.1        2.3          7          10         100            1            0            0            0            0
